# Created by Octave 2.0.16, Tue Dec 12 16:05:19 2000 <gonzalez@calvin>
# name: dfluxcr
# type: matrix
# rows: 401
# columns: 2
 1 19401028.3635246
 1.02329299228075 18210620.7766726
 1.0471285480509 17093254.1748799
 1.07151930523761 16044446.9120638
 1.09647819614319 15059992.3268175
 1.12201845430196 14135941.8699107
 1.14815362149688 13268589.2670519
 1.17489755493953 12454455.6533916
 1.20226443461741 11690275.6201423
 1.23026877081238 10972984.117349
 1.25892541179417 10299704.1602794
 1.28824955169313 9667735.29012514
 1.31825673855641 9074542.74273014
 1.34896288259165 8517747.28190456
 1.38038426460288 7995115.65654544
 1.41253754462275 7504551.64328909
 1.44543977074593 7044087.63876809
 1.47910838816821 6611876.76775029
 1.51356124843621 6206185.47550631
 1.54881661891248 5825386.57469427
 1.58489319246111 5467952.71887354
 1.62181009735893 5132450.2764704
 1.65958690743756 4817533.58062464
 1.69824365246174 4521939.53185392
 1.73780082874938 4244482.5318876
 1.77827941003892 3984049.72835028
 1.81970085860998 3739596.55122177
 1.86208713666287 3510142.5231709
 1.90546071796325 3294767.3269586
 1.94984459975805 3092607.11413723
 1.99526231496888 2902851.0402405
 2.04173794466953 2724738.01256717
 2.08929613085404 2557553.63751404
 2.13796208950223 2400627.3552144
 2.18776162394955 2253329.74998929
 2.23872113856834 2115070.02582386
 2.29086765276777 1985293.63674349
 2.34422881531992 1863480.06258514
 2.39883291901949 1749140.72124284
 2.45470891568503 1641817.00901354
 2.51188643150958 1541078.46118342
 2.57039578276886 1446521.02547677
 2.63026799189538 1357765.44144258
 2.69153480392692 1274455.71927871
 2.75422870333817 1196257.71199221
 2.81838293126445 1122857.77516912
 2.88403150312661 1053961.50897789
 2.95120922666639 989292.57736104
 3.01995172040202 928591.599678793
 3.09029543251359 871615.110359138
 3.16227766016838 818134.582381709
 3.23593656929628 767935.510678674
 3.31131121482591 720816.551776287
 3.38844156139203 676588.71622628
 3.46736850452532 635074.610588021
 3.54813389233576 596107.725921103
 3.63078054770101 559531.769934579
 3.71535229097173 525200.040114158
 3.80189396320561 492974.835313041
 3.89045144994281 462726.903446343
 3.98107170553497 434334.923073866
 4.07380277804113 407685.016791888
 4.16869383470335 382670.294482252
 4.26579518801593 359190.424586746
 4.36515832240166 337151.231687233
 4.46683592150963 316464.318777423
 4.57088189614875 297046.7127113
 4.67735141287198 278820.531406097
 4.78630092322638 261712.671465026
 4.89778819368446 245654.514966838
 5.01187233627272 230581.654246178
 5.12861383991365 216433.633560863
 5.24807460249773 203153.706609919
 5.37031796370253 190688.608929828
 5.49540873857625 178988.34425607
 5.62341325190349 168005.983993091
 5.75439937337157 157697.478988381
 5.88843655355589 148021.482855715
 6.02559586074358 138939.186138918
 6.16595001861482 130414.160651003
 6.30957344480193 122412.213364344
 6.45654229034656 114901.249265852
 6.60693448007596 107851.142627072
 6.76082975391982 101233.616172892
 6.91830970918936 95022.1276642085
 7.07945784384138 89191.7634396522
 7.2443596007499 83719.1384893744
 7.41310241300917 78582.302660103
 7.58577575029184 73760.6526152652
 7.76247116628692 69234.8491970584
 7.94328234724282 64986.739859015
 8.12830516164099 60999.2858579481
 8.31763771102671 57256.4939132502
 8.51138038202377 53743.3520594389
 8.70963589956081 50445.7694346593
 8.91250938133746 47350.5197636416
 9.1201083935591 44445.1883084287
 9.33254300796991 41718.1220741001
 9.54992586021436 39158.3830697701
 9.77237220955811 36755.7044373966
 10 34500.449272437
 10.2329299228075 32383.571971184
 10.471285480509 30396.5819497508
 10.7151930523761 28531.5095891855
 10.9647819614319 26780.8742701237
 11.2201845430196 25137.6543687693
 11.4815362149688 23595.2590938618
 11.7489755493953 22147.5020516691
 12.0226443461741 20788.576432979
 12.3026877081238 19513.0317225658
 12.5892541179417 18315.7518377171
 12.8824955169313 17191.9346081362
 13.1825673855641 16137.0725149151
 13.4896288259165 15146.9346113259
 13.8038426460289 14217.5495529146
 14.1253754462275 13345.1896688347
 14.4543977074593 12526.356010531
 14.7910838816821 11757.7643178051
 15.1356124843621 11036.3318459755
 15.4881661891248 10359.165001296
 15.8489319246111 9723.54773503916
 16.2181009735893 9126.93064969589
 16.5958690743756 8566.92077359588
 16.9824365246174 8041.27196293686
 17.3780082874938 7547.8758927256
 17.7827941003892 7084.75360049646
 18.1970085860998 6650.04754889025
 18.6208713666287 6242.01417525688
 19.0546071796325 5859.01689839946
 19.4984459975805 5499.51955441012
 19.9526231496888 5162.08023526975
 20.4173794466953 4845.34550549857
 20.8929613085404 4548.04497366136
 21.3796208950223 4268.98619695396
 21.8776162394955 4007.0498984341
 22.3872113856834 3761.18547771306
 22.9086765276777 3530.40679710224
 23.4422881531992 3313.7882263132
 23.9883291901949 3110.46092984676
 24.5470891568503 2919.60938218047
 25.1188643150958 2740.46809677695
 25.7039578276886 2572.31855579373
 26.3026799189538 2414.48632817975
 26.9153480392692 2266.33836459967
 27.5422870333817 2127.28045833603
 28.1838293126445 1996.75486198536
 28.8403150312661 1874.23805038893
 29.5120922666639 1759.23862082548
 30.1995172040202 1651.2953220439
 30.9029543251359 1549.97520423046
 31.6227766016838 1454.87188249019
 32.3593656929628 1365.60390687761
 33.1131121482591 1281.81323243903
 33.8844156139203 1203.16378312986
 34.6736850452532 1129.34010384716
 35.4813389233575 1060.04609517062
 36.3078054770101 995.003825737297
 37.1535229097173 933.952417486623
 38.0189396320561 876.646999304508
 38.9045144994281 822.857724869699
 39.8107170553497 772.368850763094
 40.7380277804113 724.977871142387
 41.6869383470336 680.494705511319
 42.6579518801593 638.74093632575
 43.6515832240166 599.549093378668
 44.6683592150963 562.761982093885
 45.7088189614875 528.232053034252
 46.7735141287198 495.820810095574
 47.8630092322638 465.398255012538
 48.9778819368446 436.842365948626
 50.1187233627272 410.038608078693
 51.2861383991365 384.879474201191
 52.4807460249773 361.264053537507
 53.7031796370253 339.097626988877
 54.9540873857625 318.291287227527
 56.2341325190349 298.761582098242
 57.5439937337157 280.430179900083
 58.8843655355589 263.223555205747
 60.2559586074358 247.072693958403
 61.6595001861482 231.912816663186
 63.0957344480193 217.683118563105
 64.5654229034656 204.326525757214
 66.0693448007596 191.789466282893
 67.6082975391982 180.021655244037
 69.1830970918937 168.975893123352
 70.7945784384138 158.607876469796
 72.443596007499 148.876020201852
 74.1310241300918 139.741290813908
 75.8577575029184 131.16704981676
 77.6247116628692 123.118906784279
 79.4328234724282 115.564581416842
 81.2830516164099 108.473774068267
 83.1763771102671 101.818044216952
 85.1138038202376 95.5706963937731
 87.0963589956081 89.7066731092255
 89.1250938133745 84.2024543503249
 91.201083935591 79.0359632441814
 93.3254300796991 74.1864775098625
 95.4992586021436 69.6345463433889
 97.7237220955811 65.3619124024987
 100 61.3514385782671
 102.329299228075 57.5870392598699
 104.71285480509 54.0536158168026
 107.151930523761 50.7369960397767
 109.647819614319 47.6238772974021
 112.201845430196 44.7017731806574
 114.815362149688 41.9589634211481
 117.489755493953 39.3844468822781
 120.226443461741 36.967897434787
 123.026877081238 34.6996225396751
 125.892541179417 32.5705243723949
 128.824955169313 30.5720633323842
 131.825673855641 28.6962237915786
 134.896288259165 26.9354819445268
 138.038426460289 25.2827756311561
 141.253754462275 23.731476011153
 144.543977074593 22.2753609763445
 147.910838816821 20.9085901944431
 151.356124843621 19.6256816840551
 154.881661891248 18.4214898270005
 158.489319246111 17.2911847297507
 162.181009735893 16.2302328512074
 165.958690743756 15.2343788191203
 169.824365246174 14.2996283622139
 173.780082874938 13.4222322895631
 177.827941003892 12.598671452962
 181.970085860998 11.8256426319713
 186.208713666287 11.1000452850304
 190.546071796325 10.4189691134938
 194.984459975805 9.77968238871395
 199.526231496888 9.17962099534906
 204.173794466953 8.61637814695275
 208.929613085404 8.08769473259302
 213.796208950223 7.5914502557836
 218.776162394955 7.12565432938393
 223.872113856834 6.68843869235454
 229.086765276777 6.27804971634839
 234.422881531992 5.89284137208216
 239.883291901949 5.53126862727703
 245.470891568503 5.19188124968799
 251.188643150958 4.87331799036701
 257.039578276886 4.57430112382904
 263.026799189538 4.29363132322253
 269.153480392692 4.03018284994887
 275.422870333817 3.78289903843712
 281.838293126445 3.55078805796368
 288.403150312661 3.33291893451813
 295.120922666639 3.12841781675921
 301.995172040202 2.93646447108427
 309.029543251359 2.7562889917539
 316.227766016838 2.58716871287687
 323.593656929628 2.42842530986916
 331.131121482591 2.27942207876176
 338.844156139203 2.13956138244436
 346.736850452532 2.00828225360263
 354.813389233576 1.88505814473408
 363.078054770101 1.76939481621859
 371.535229097172 1.66082835397254
 380.189396320561 1.55892330873561
 389.04514499428 1.46327094952726
 398.107170553497 1.37348762426744
 407.380277804113 1.28921322098636
 416.869383470335 1.21010972345128
 426.579518801593 1.13585985541706
 436.515832240166 1.06616580806279
 446.683592150963 1.00074804551025
 457.088189614875 0.939344183633398
 467.735141287198 0.881707937661779
 478.630092322639 0.827608134356839
 489.778819368446 0.77682778479913
 501.187233627272 0.729163214067358
 512.861383991365 0.684423244318586
 524.807460249773 0.642428427992947
 537.031796370253 0.603010328067379
 549.540873857625 0.566010842471496
 562.341325190349 0.531281569955957
 575.439937337157 0.498683214869828
 588.843655355589 0.468085028459624
 602.559586074358 0.439364284449075
 616.595001861482 0.412405786796276
 630.957344480194 0.38710140765383
 645.654229034656 0.363349653678842
 660.693448007596 0.341055258953224
 676.082975391982 0.320128802881596
 691.830970918936 0.300486351534194
 707.945784384138 0.282049120996235
 724.43596007499 0.264743161373492
 741.310241300918 0.248499060186634
 758.577575029184 0.233251663964694
 776.247116628692 0.218939816920984
 794.328234724281 0.205506115663337
 812.8305161641 0.192896678954814
 831.763771102671 0.181060931601438
 851.138038202377 0.169951401600128
 870.963589956081 0.159523529733228
 891.250938133746 0.149735490845925
 912.01083935591 0.140548026089721
 933.254300796992 0.131924285459104
 954.992586021436 0.12382967998985
 977.237220955811 0.116231743026131
 1000 0.1091
 1023.29299228075 0.10240584620093
 1047.1285480509 0.0961224320451743
 1071.51930523761 0.0902245553847612
 1096.47819614319 0.0846885604241902
 1122.01845430196 0.079492242839393
 1148.15362149688 0.0746147607184039
 1174.89755493953 0.0700365509665266
 1202.26443461741 0.0657392508407124
 1230.26877081238 0.0617056242984268
 1258.92541179417 0.0579194928656008
 1288.24955169313 0.0543656707463848
 1318.25673855641 0.0510299039144333
 1348.96288259165 0.0478988129414271
 1380.38426460289 0.0449598393335187
 1412.53754462275 0.042201195160466
 1445.43977074593 0.039611815775418
 1479.10838816821 0.0371813154357198
 1513.56124843621 0.0348999456467331
 1548.81661891248 0.0327585560615964
 1584.89319246111 0.0307485577800952
 1621.81009735893 0.0288618888994394
 1659.58690743756 0.0270909821787746
 1698.24365246174 0.0254287346877336
 1737.80082874938 0.0238684793172896
 1778.27941003892 0.0224039580386475
 1819.70085860998 0.0210292968029131
 1862.08713666287 0.0197389819808692
 1905.46071796325 0.0185278382483576
 1949.84459975805 0.0173910078285703
 1995.26231496888 0.0163239310079902
 2041.73794466953 0.0153223278478354
 2089.29613085404 0.0143821810176504
 2137.96208950223 0.0134997196821947
 2187.76162394955 0.0126714043769981
 2238.72113856834 0.0118939128119217
 2290.86765276777 0.011164126545783
 2344.22881531992 0.0104791184785992
 2398.83291901949 0.009836141111281
 2454.70891568503 0.0092326155256873
 2511.88643150958 0.00866612104084192
 2570.39578276886 0.00813438550382309
 2630.26799189538 0.00763527617638481
 2691.53480392692 0.00716679118075606
 2754.22870333817 0.00672705147030877
 2818.38293126445 0.0063142932928889
 2884.03150312661 0.00592686111658245
 2951.20922666639 0.00556320098954183
 3019.95172040202 0.00522185430723998
 3090.29543251359 0.00490145196215289
 3162.27766016838 0.00460070885240583
 3235.93656929628 0.00431841872735773
 3311.31121482591 0.00405344934945015
 3388.44156139203 0.00380473795291523
 3467.36850452532 0.00357128698112812
 3548.13389233576 0.00335216008550678
 3630.78054770101 0.00314647836991113
 3715.35229097173 0.0029534168654782
 3801.89396320561 0.00277220122175429
 3890.4514499428 0.00260210460085243
 3981.07170553497 0.00244244476217806
 4073.80277804113 0.00229258132603
 4168.69383470335 0.0021519132051013
 4265.79518801593 0.00201987619357795
 4365.15832240166 0.00189594070416557
 4466.83592150963 0.00177960964396757
 4570.88189614875 0.00167041642069509
 4677.35141287198 0.00156792307121182
 4786.30092322638 0.00147171850490749
 4897.78819368446 0.00138141685485444
 5011.87233627273 0.00129665593013379
 5128.61383991365 0.00121709576312378
 5248.07460249773 0.00114241724592353
 5370.31796370253 0.00107232085044304
 5495.40873857625 0.00100652542702585
 5623.41325190349 0.000944767076785831
 5754.39937337157 0.000886798093135031
 5888.43655355589 0.000832385968257233
 6025.59586074358 0.000781312460542275
 6165.95001861482 0.000733372719240719
 6309.57344480194 0.00068837446282789
 6456.54229034656 0.000646137207781858
 6606.93448007596 0.000606491544682009
 6760.82975391982 0.000569278458724751
 6918.30970918936 0.000534348691930975
 7079.45784384138 0.000501562144487181
 7244.3596007499 0.000470787312819092
 7413.10241300918 0.000441900762143914
 7585.77575029184 0.000414786631385733
 7762.47116628692 0.000389336168468278
 7943.28234724281 0.00036544729412119
 8128.30516164099 0.000343024192450234
 8317.63771102671 0.000321976926629303
 8511.38038202377 0.000302221078172763
 8709.63589956081 0.000283677408341331
 8912.50938133746 0.00026627154032338
 9120.1083935591 0.000249933660916964
 9332.54300796991 0.000234598240516022
 9549.92586021436 0.000220203770277658
 9772.37220955811 0.000206692515416304
 10000 0.000194010283635246
