 0.3000000    
 0.2573126    
 0.3210526    
 0.2615869    
 0.3421053    
 0.2611675    
 0.3631579    
 0.2552709    
 0.3842105    
 0.2431064    
 0.4052632    
 0.2239100    
 0.4263158    
 0.1969868    
 0.4473684    
 0.1617609    
 0.4684210    
 0.1178337    
 0.4894737    
 0.6504865E-01
 0.5105263    
 0.3560228E-02
 0.5315790    
 -.6609561E-01
 0.5526316    
 -.1429326    
 0.5736843    
 -.2254547    
 0.5947369    
 -.3116093    
 0.6157896    
 -.3987637    
 0.6368423    
 -.4837098    
 0.6578949    
 -.5627072    
 0.6789476    
 -.6315733    
 0.7000000    
 -.6858242    
